FECHA VALOR	DESCRIPCION                   	REFERENCIA       	IMPORTE MVTO       	IMPORTE MVTO       	IMPORTE MVTO       
01/08/2019	INTERESES GANAD               	                 	0.91	0.91	0.91
01/08/2019	CE0000008698012               	4161322	1,515.00	1,515.00	1,515.00
01/08/2019	CE0000008776012               	4470972	1,515.00	1,515.00	1,515.00
01/08/2019	CE0000008482012               	4654958	1,515.00	1,515.00	1,515.00
01/08/2019	CE0000008510012               	4661734	1,515.00	1,515.00	1,515.00
01/08/2019	CE0000008610012               	4668390	1,515.00	1,515.00	1,515.00
01/08/2019	CE0000008765012               	4847524	1,515.00	1,515.00	1,515.00
01/08/2019	CE0000006400012               	31119	1,515.00	1,515.00	1,515.00
01/08/2019	CE0000008844012               	56408	1,515.00	1,515.00	1,515.00
01/08/2019	DEPOSITO EN EFE               	37033	2,245.08	2,245.08	2,245.08
01/08/2019	CHEQUE PAGADO N               	CH-0003379       	-3,086.76	-3,086.76	-3,086.76
01/08/2019	SPEI ENVIADO BA               	0000106920 1     	-6,965.47	-6,965.47	-6,965.47
01/08/2019	TRASPASO ENTRE                	REFBNTC000886    	-1,457.00	-1,457.00	-1,457.00
01/08/2019	CE0000008750012               	1235212	1,515.00	1,515.00	1,515.00
01/08/2019	CE0000008738012               	1393700	1,515.00	1,515.00	1,515.00
01/08/2019	CE0000008713012               	1654499	1,515.00	1,515.00	1,515.00
01/08/2019	CE0000008518012               	1726406	1,515.00	1,515.00	1,515.00
01/08/2019	CE0000008866012               	2525996	1,515.00	1,515.00	1,515.00
01/08/2019	CE0000008633012               	2580017	1,515.00	1,515.00	1,515.00
01/08/2019	CE0000008956012               	2667599	1,515.00	1,515.00	1,515.00
02/08/2019	CE0000008637012               	3071629	1,515.00	1,515.00	1,515.00
02/08/2019	CE0000008854012               	3209943	1,515.00	1,515.00	1,515.00
02/08/2019	DEPOSITO EFECTI               	******0979       	640	640	640
02/08/2019	CE0000007451012               	3261423	1,515.00	1,515.00	1,515.00
02/08/2019	CE0000008648012               	3605888	1,515.00	1,515.00	1,515.00
02/08/2019	CE0000007106012               	3901403	1,515.00	1,515.00	1,515.00
02/08/2019	CE0000008831012               	3983045	1,515.00	1,515.00	1,515.00
02/08/2019	CFE SUMINISTRAD               	GUIA:4030411     	-44,223.00	-44,223.00	-44,223.00
02/08/2019	SPEI ENVIADO BA               	0000208691 0     	-101,987.94	-101,987.94	-101,987.94
02/08/2019	SPEI ENVIADO SC               	0000209464 0     	-5,108.01	-5,108.01	-5,108.01
02/08/2019	TRASPASO A TERC               	REFBNTC000886    	-272.74	-272.74	-272.74
02/08/2019	TRASPASO A TERC               	REFBNTC000886    	-2,830.40	-2,830.40	-2,830.40
02/08/2019	CE0000008691012               	4115969	1,515.00	1,515.00	1,515.00
02/08/2019	CE0000008558012               	4263798	1,515.00	1,515.00	1,515.00
02/08/2019	CE0000008927012               	4405797	1,515.00	1,515.00	1,515.00
02/08/2019	CE0000008900012               	4450776	1,515.00	1,515.00	1,515.00
02/08/2019	CE0000008739012               	4586263	1,515.00	1,515.00	1,515.00
02/08/2019	CE0000008985012               	4703700	1,515.00	1,515.00	1,515.00
02/08/2019	CE0000008856012               	513887	1,515.00	1,515.00	1,515.00
02/08/2019	CE0000008602012               	562034	1,515.00	1,515.00	1,515.00
02/08/2019	CE0000008573012               	779944	1,515.00	1,515.00	1,515.00
02/08/2019	CE0000008792012               	1060763	1,515.00	1,515.00	1,515.00
05/08/2019	CE0000008882012               	3445882	1,515.00	1,515.00	1,515.00
05/08/2019	CE0000008487012               	3491906	1,515.00	1,515.00	1,515.00
05/08/2019	CE0000008903012               	3492269	1,515.00	1,515.00	1,515.00
05/08/2019	CE0000008730012               	3869217	1,515.00	1,515.00	1,515.00
05/08/2019	CE0000008623012               	4056712	1,515.00	1,515.00	1,515.00
05/08/2019	CE0000008571012               	4302771	1,515.00	1,515.00	1,515.00
05/08/2019	DEPOSITO EN EFE               	37072	1,508.00	1,508.00	1,508.00
05/08/2019	CE0000008634012               	4579949	1,515.00	1,515.00	1,515.00
05/08/2019	CE0000008689012               	4621100	1,515.00	1,515.00	1,515.00
05/08/2019	CE0000008526012               	4850956	1,515.00	1,515.00	1,515.00
05/08/2019	CE0000008724012               	4939286	1,515.00	1,515.00	1,515.00
05/08/2019	CE0000008806012               	301917	1,515.00	1,515.00	1,515.00
05/08/2019	CE0000008614012               	625757	1,515.00	1,515.00	1,515.00
05/08/2019	CE0000008708012               	694947	1,515.00	1,515.00	1,515.00
05/08/2019	CE0000008486012               	990880	1,515.00	1,515.00	1,515.00
05/08/2019	CHEQUE PAGADO N               	CH-0003377       	-3,086.76	-3,086.76	-3,086.76
05/08/2019	CE0000008577012               	1314709	1,515.00	1,515.00	1,515.00
05/08/2019	CE0000008795012               	1457533	1,515.00	1,515.00	1,515.00
05/08/2019	CE0000008935012               	1638923	1,515.00	1,515.00	1,515.00
05/08/2019	CE0000008740012               	1684507	1,515.00	1,515.00	1,515.00
05/08/2019	CE0000008376012               	2426622	1,515.00	1,515.00	1,515.00
05/08/2019	CE0000008651012               	2716054	1,515.00	1,515.00	1,515.00
06/08/2019	CE0000008522012               	3137321	1,515.00	1,515.00	1,515.00
06/08/2019	CE0000007146012               	3159992	1,515.00	1,515.00	1,515.00
06/08/2019	CE0000008778012               	3254988	1,515.00	1,515.00	1,515.00
06/08/2019	CE0000008907012               	3304059	1,515.00	1,515.00	1,515.00
06/08/2019	DEPOSITO EN EFE               	37092	2,535.00	2,535.00	2,535.00
06/08/2019	CE0000008695012               	3682130	1,515.00	1,515.00	1,515.00
06/08/2019	SPEI RECIBIDOSC               	0005212351 0     	8,584.03	8,584.03	8,584.03
06/08/2019	CE0000008591012               	4065150	1,515.00	1,515.00	1,515.00
06/08/2019	CE0000008828012               	4475559	1,515.00	1,515.00	1,515.00
06/08/2019	CE0000008949012               	4529338	1,515.00	1,515.00	1,515.00
06/08/2019	CE0000008512012               	4739482	1,515.00	1,515.00	1,515.00
06/08/2019	CE0000008600012               	4758578	1,515.00	1,515.00	1,515.00
06/08/2019	CE0000008638012               	4792029	1,515.00	1,515.00	1,515.00
06/08/2019	CE0000008616012               	4810179	1,515.00	1,515.00	1,515.00
06/08/2019	CE0000008991012               	4815460	1,515.00	1,515.00	1,515.00
06/08/2019	TRASPASO A TERC               	REFBNTC000886    	-1,490.65	-1,490.65	-1,490.65
06/08/2019	CE0000008908012               	44	1,515.00	1,515.00	1,515.00
06/08/2019	CE0000008885012               	547020	1,515.00	1,515.00	1,515.00
06/08/2019	CE0000008587012               	592834	1,515.00	1,515.00	1,515.00
06/08/2019	CE0000008595012               	676181	1,515.00	1,515.00	1,515.00
06/08/2019	CE1717110151032               	697026	1,320.00	1,320.00	1,320.00
06/08/2019	CE1717110151052               	718971	1,300.00	1,300.00	1,300.00
06/08/2019	CE0000008702012               	1388310	1,515.00	1,515.00	1,515.00
07/08/2019	VENTA FONDOS DE               	BMERGOB NC 0     	180,000.05	180,000.05	180,000.05
07/08/2019	GOBIERNO ELECTR               	GUIA:1857471     	-95,527.00	-95,527.00	-95,527.00
07/08/2019	PAGO CUENTA DE                	16101008	1	1	1
07/08/2019	CE0000008692012               	1989548	1,515.00	1,515.00	1,515.00
07/08/2019	CE0000008490012               	2037630	1,515.00	1,515.00	1,515.00
07/08/2019	CE0000008775012               	2144637	1,515.00	1,515.00	1,515.00
07/08/2019	CE0000008952012               	2263778	1,515.00	1,515.00	1,515.00
07/08/2019	CE0000008771012               	2338160	1,515.00	1,515.00	1,515.00
07/08/2019	CHEQUE PAGADO N               	CH-0003386       	-1,105.00	-1,105.00	-1,105.00
07/08/2019	CHEQUE PAGADO N               	CH-0003390       	-1,300.00	-1,300.00	-1,300.00
07/08/2019	CHEQUE PAGADO N               	CH-0003403       	-1,105.00	-1,105.00	-1,105.00
07/08/2019	CHEQUE PAGADO N               	CH-0003396       	-1,105.00	-1,105.00	-1,105.00
07/08/2019	CHEQUE PAGADO N               	CH-0003382       	-1,105.00	-1,105.00	-1,105.00
07/08/2019	CE0000008662012               	2854126	1,515.00	1,515.00	1,515.00
07/08/2019	ASPEL DE MEXICO               	GUIA:2985994     	-3,306.00	-3,306.00	-3,306.00
07/08/2019	CHEQUE PAGADO N               	CH-0003388       	-1,105.00	-1,105.00	-1,105.00
07/08/2019	CE0000006824012               	3094223	1,515.00	1,515.00	1,515.00
07/08/2019	CE0000008564012               	3587200	1,515.00	1,515.00	1,515.00
07/08/2019	TRASPASO A TERC               	REFBNTC000886    	-1,253.45	-1,253.45	-1,253.45
07/08/2019	CE0000008731012               	3801127	1,515.00	1,515.00	1,515.00
07/08/2019	CHEQUE PAGADO N               	CH-0003391       	-1,105.00	-1,105.00	-1,105.00
07/08/2019	CE0000008501012               	3938154	1,515.00	1,515.00	1,515.00
08/08/2019	CE0000008997012               	293986	1,515.00	1,515.00	1,515.00
08/08/2019	DEPOSITO EN EFE               	37134	7,320.00	7,320.00	7,320.00
08/08/2019	CE0000008694012               	606188	1,515.00	1,515.00	1,515.00
08/08/2019	CE0000008643012               	783882	1,515.00	1,515.00	1,515.00
08/08/2019	CE0000008751012               	841423	1,515.00	1,515.00	1,515.00
08/08/2019	CE0000008570012               	897292	1,515.00	1,515.00	1,515.00
08/08/2019	CHEQUE PAGADO N               	CH-0003401       	-1,105.00	-1,105.00	-1,105.00
08/08/2019	CE0000008958012               	1467279	1,515.00	1,515.00	1,515.00
08/08/2019	CE0000008996012               	1571229	1,515.00	1,515.00	1,515.00
08/08/2019	CHEQUE PAGADO N               	CH-0003387       	-1,105.00	-1,105.00	-1,105.00
08/08/2019	CE0000008678012               	1735866	1,515.00	1,515.00	1,515.00
08/08/2019	CHEQUE PAGADO N               	CH-0003397       	-1,105.00	-1,105.00	-1,105.00
08/08/2019	CHEQUE PAGADO N               	CH-0003384       	-1,105.00	-1,105.00	-1,105.00
08/08/2019	CE0000008947012               	1863257	1,515.00	1,515.00	1,515.00
08/08/2019	CE0000008993012               	1931578	1,515.00	1,515.00	1,515.00
08/08/2019	CE0000008942012               	2120195	1,515.00	1,515.00	1,515.00
08/08/2019	CE0000008977012               	2207030	1,515.00	1,515.00	1,515.00
08/08/2019	CE0000008990012               	2375670	1,515.00	1,515.00	1,515.00
08/08/2019	CE0000008504012               	2833182	1,515.00	1,515.00	1,515.00
09/08/2019	CHEQUE PAGADO N               	CH-0003372       	-1,825.20	-1,825.20	-1,825.20
09/08/2019	CE0000006900012               	3655773	1,515.00	1,515.00	1,515.00
09/08/2019	VENTA FONDOS DE               	BMERGOB NC 0     	50,014.00	50,014.00	50,014.00
09/08/2019	CE0000006901012               	3682866	1,515.00	1,515.00	1,515.00
09/08/2019	CE0000008524012               	3718572	1,515.00	1,515.00	1,515.00
09/08/2019	SPEI ENVIADO IN               	0000818358 0     	-3,422.88	-3,422.88	-3,422.88
09/08/2019	TRASPASO A TERC               	REFBNTC000886    	-2,784.00	-2,784.00	-2,784.00
09/08/2019	SPEI ENVIADO BA               	0000819332 0     	-16,588.00	-16,588.00	-16,588.00
09/08/2019	SPEI ENVIADO BA               	0000819870 0     	-115,787.26	-115,787.26	-115,787.26
09/08/2019	SPEI ENVIADO BA               	0000820559 0     	-106,256.00	-106,256.00	-106,256.00
09/08/2019	TRASPASO A TERC               	REFBNTC000886    	-4,386.21	-4,386.21	-4,386.21
09/08/2019	TRASPASO A TERC               	REFBNTC000886    	-3,655.17	-3,655.17	-3,655.17
09/08/2019	CE0000008912012               	4245296	1,515.00	1,515.00	1,515.00
09/08/2019	DEPOSITO EFECTI               	******0979       	6,199.00	6,199.00	6,199.00
09/08/2019	CE0000008547012               	4316213	1,515.00	1,515.00	1,515.00
09/08/2019	CHEQUE PAGADO N               	CH-0003394       	-1,105.00	-1,105.00	-1,105.00
09/08/2019	CE0000008661012               	4381366	1,515.00	1,515.00	1,515.00
09/08/2019	CHEQUE PAGADO N               	CH-0003385       	-1,105.00	-1,105.00	-1,105.00
09/08/2019	CE0000008836012               	4762956	1,515.00	1,515.00	1,515.00
09/08/2019	CE0000008515012               	4791820	1,515.00	1,515.00	1,515.00
09/08/2019	CE0000008920012               	4925899	1,515.00	1,515.00	1,515.00
09/08/2019	CHEQUE PAGADO N               	CH-0003371       	-1,825.20	-1,825.20	-1,825.20
09/08/2019	DEVOLUCION CHQ                	0	1,825.20	1,825.20	1,825.20
09/08/2019	CE0000008881012               	12265	1,515.00	1,515.00	1,515.00
09/08/2019	CE0000008752012               	180301	1,515.00	1,515.00	1,515.00
09/08/2019	CHEQUE PAGADO N               	CH-0003399       	-1,105.00	-1,105.00	-1,105.00
09/08/2019	CE0000008598012               	248589	1,515.00	1,515.00	1,515.00
09/08/2019	CE0000008969012               	271557	1,515.00	1,515.00	1,515.00
09/08/2019	CE0000008843012               	447832	1,515.00	1,515.00	1,515.00
09/08/2019	CE0000008835012               	461615	1,515.00	1,515.00	1,515.00
09/08/2019	CE0000008812012               	797302	1,515.00	1,515.00	1,515.00
09/08/2019	CE0000008966012               	1093466	1,515.00	1,515.00	1,515.00
09/08/2019	CE0000008718012               	1341417	1,515.00	1,515.00	1,515.00
12/08/2019	CHEQUE PAGADO N               	CH-0003406       	-1,105.00	-1,105.00	-1,105.00
12/08/2019	CHEQUE PAGADO N               	CH-0003389       	-1,105.00	-1,105.00	-1,105.00
12/08/2019	CE0000008597012               	4147957	1,515.00	1,515.00	1,515.00
12/08/2019	CHEQUE PAGADO N               	CH-0003407       	-1,105.00	-1,105.00	-1,105.00
12/08/2019	CE0000008658012               	325336	1,515.00	1,515.00	1,515.00
13/08/2019	SPEI RECIBIDOBA               	0005199809 0     	2,528.79	2,528.79	2,528.79
13/08/2019	CE0000008992012               	2263767	1,515.00	1,515.00	1,515.00
13/08/2019	CE0000008655012               	2516888	1,515.00	1,515.00	1,515.00
13/08/2019	DEPOSITO EN EFE               	37193	2,995.00	2,995.00	2,995.00
13/08/2019	DEPOSITO EN EFE               	37194	2,840.00	2,840.00	2,840.00
13/08/2019	TRASPASO ENTRE                	REFBNTC000886    	480	480	480
13/08/2019	CE0000008981012               	3487143	1,515.00	1,515.00	1,515.00
13/08/2019	CHEQUE PAGADO N               	CH-0003392       	-1,105.00	-1,105.00	-1,105.00
13/08/2019	CE0000008932012               	3873970	1,515.00	1,515.00	1,515.00
13/08/2019	CHEQUE PAGADO N               	CH-0003393       	-1,105.00	-1,105.00	-1,105.00
14/08/2019	CHEQUE PAGADO N               	CH-0003416       	-1,105.00	-1,105.00	-1,105.00
14/08/2019	CHEQUE PAGADO N               	CH-0003414       	-1,105.00	-1,105.00	-1,105.00
14/08/2019	DEPOSITO EN EFE               	37202	1,515.00	1,515.00	1,515.00
14/08/2019	DEPOSITO EN EFE               	37203	3,480.00	3,480.00	3,480.00
14/08/2019	DEPOSITO EN EFE               	37204	13,980.00	13,980.00	13,980.00
14/08/2019	DEPOSITO EN EFE               	37205	1,417.00	1,417.00	1,417.00
14/08/2019	CHEQUE PAGADO N               	CH-0003402       	-1,105.00	-1,105.00	-1,105.00
14/08/2019	CONSEJO NAL DE                	GUIA:1128237     	-1,586.54	-1,586.54	-1,586.54
14/08/2019	CHEQUE PAGADO N               	CH-0003411       	-1,105.00	-1,105.00	-1,105.00
14/08/2019	CE0000008705012               	2182631	1,515.00	1,515.00	1,515.00
14/08/2019	CE0000008580012               	2271270	1,515.00	1,515.00	1,515.00
14/08/2019	CHEQUE PAGADO N               	CH-0003381       	-1,105.00	-1,105.00	-1,105.00
14/08/2019	TRASPASO ENTRE                	REFBNTC000886    	-4,564.45	-4,564.45	-4,564.45
14/08/2019	CE0000009002012               	2870417	1,515.00	1,515.00	1,515.00
15/08/2019	CE0000009003012               	3651857	1,515.00	1,515.00	1,515.00
15/08/2019	CE0000009004012               	3772120	1,515.00	1,515.00	1,515.00
15/08/2019	DEPOSITO EFECTI               	******0979       	3,580.00	3,580.00	3,580.00
15/08/2019	CE0000008660012               	160545	1,515.00	1,515.00	1,515.00
15/08/2019	CE0000008810012               	441991	1,515.00	1,515.00	1,515.00
15/08/2019	CE0000008813012               	593109	1,515.00	1,515.00	1,515.00
15/08/2019	CE0000009005012               	792066	1,515.00	1,515.00	1,515.00
15/08/2019	CE0000008654012               	892353	1,515.00	1,515.00	1,515.00
15/08/2019	TRASPASO ENTRE                	REFBNTC000886    	7,735.00	7,735.00	7,735.00
15/08/2019	TRASPASO ENTRE                	REFBNTC000886    	600	600	600
15/08/2019	CE0000009001012               	1395559	1,515.00	1,515.00	1,515.00
15/08/2019	TRASPASO A TERC               	REFBNTC000886    	-890.05	-890.05	-890.05
15/08/2019	CFE SUMINISTRAD               	GUIA:1457863     	-2,651.00	-2,651.00	-2,651.00
15/08/2019	TRASPASO A TERC               	REFBNTC000886    	-2,211.00	-2,211.00	-2,211.00
15/08/2019	TRASPASO A TERC               	REFBNTC000886    	-2,743.40	-2,743.40	-2,743.40
15/08/2019	TRASPASO A TERC               	REFBNTC000886    	-1,763.20	-1,763.20	-1,763.20
15/08/2019	SPEI ENVIADO BA               	0000448357 0     	-7,326.80	-7,326.80	-7,326.80
15/08/2019	CE0000008785012               	1560328	1,515.00	1,515.00	1,515.00
15/08/2019	CE0000007393012               	1768932	1,515.00	1,515.00	1,515.00
16/08/2019	CE0000008609012               	3199064	1,515.00	1,515.00	1,515.00
16/08/2019	DEPOSITO EN EFE               	37234	9,656.47	9,656.47	9,656.47
16/08/2019	SPEI RECIBIDOBA               	0005335804 0     	14,400.00	14,400.00	14,400.00
16/08/2019	TRASPASO A TERC               	REFBNTC000886    	-3,125.17	-3,125.17	-3,125.17
16/08/2019	CE0000008551012               	4752110	1,515.00	1,515.00	1,515.00
19/08/2019	CHEQUE PAGADO N               	CH-0003383       	-1,105.00	-1,105.00	-1,105.00
19/08/2019	CHEQUE PAGADO N               	CH-0003405       	-1,105.00	-1,105.00	-1,105.00
19/08/2019	CE0000008855012               	3288351	1,515.00	1,515.00	1,515.00
19/08/2019	PAGO CUENTA DE                	52091009	1,515.00	1,515.00	1,515.00
19/08/2019	CONSEJO NAL DE                	GUIA:2286746     	-3,930.60	-3,930.60	-3,930.60
19/08/2019	CE0000007124012               	2632608	1,515.00	1,515.00	1,515.00
20/08/2019	CE0000008605012               	3891602	1,515.00	1,515.00	1,515.00
20/08/2019	DEPOSITO EN EFE               	37245	15,202.98	15,202.98	15,202.98
20/08/2019	DEPOSITO EFECTI               	******0979       	1,515.00	1,515.00	1,515.00
20/08/2019	CE0000008848012               	469194	1,515.00	1,515.00	1,515.00
21/08/2019	COMPRA FONDOS I               	BMERGOB NC 0     	-99,956.60	-99,956.60	-99,956.60
21/08/2019	CHEQUE PAGADO N               	CH-0003408       	-1,105.00	-1,105.00	-1,105.00
21/08/2019	CHEQUE PAGADO N               	CH-0003409       	-1,105.00	-1,105.00	-1,105.00
21/08/2019	CHEQUE PAGADO N               	CH-0003415       	-1,105.00	-1,105.00	-1,105.00
21/08/2019	CHEQUE PAGADO N               	CH-0003410       	-1,105.00	-1,105.00	-1,105.00
21/08/2019	DEPOSITO EN EFE               	37253	11,490.49	11,490.49	11,490.49
21/08/2019	TRASPASO A TERC               	REFBNTC000886    	-2,306.21	-2,306.21	-2,306.21
21/08/2019	CE0000008964012               	4432791	1,515.00	1,515.00	1,515.00
22/08/2019	CHEQUE PAGADO N               	CH-0003395       	-1,105.00	-1,105.00	-1,105.00
22/08/2019	DEPOSITO EN EFE               	37257	12,995.98	12,995.98	12,995.98
23/08/2019	DEPOSITO EN EFE               	37258	20,201.47	20,201.47	20,201.47
23/08/2019	CHEQUE PAGADO N               	CH-0003426       	-1,600.00	-1,600.00	-1,600.00
23/08/2019	CE0000008922012               	4616403	1,515.00	1,515.00	1,515.00
23/08/2019	TRASPASO A TERC               	REFBNTC000886    	-3,526.40	-3,526.40	-3,526.40
23/08/2019	TRASPASO A TERC               	REFBNTC000886    	-1,503.55	-1,503.55	-1,503.55
23/08/2019	TELEFONOS DE ME               	GUIA:0321960     	-798	-798	-798
23/08/2019	SPEI ENVIADO BA               	0000209253 0     	-6,849.38	-6,849.38	-6,849.38
23/08/2019	TRASPASO A TERC               	REFBNTC000886    	-9,751.66	-9,751.66	-9,751.66
23/08/2019	SPEI ENVIADO BA               	0000211209 1     	-6,965.47	-6,965.47	-6,965.47
23/08/2019	CE0000007615012               	454696	1,515.00	1,515.00	1,515.00
23/08/2019	CHEQUE PAGADO N               	CH-0003421       	-1,600.00	-1,600.00	-1,600.00
23/08/2019	CHEQUE PAGADO N               	CH-0003422       	-1,600.00	-1,600.00	-1,600.00
23/08/2019	CHEQUE PAGADO N               	CH-0003425       	-1,600.00	-1,600.00	-1,600.00
23/08/2019	SPEI ENVIADO SA               	0000235629 0     	-3,289.66	-3,289.66	-3,289.66
23/08/2019	TRASPASO A TERC               	REFBNTC000886    	-24,000.00	-24,000.00	-24,000.00
23/08/2019	CHEQUE PAGADO N               	CH-0003420       	-1,600.00	-1,600.00	-1,600.00
26/08/2019	CE1718110620072               	3239170	200	200	200
26/08/2019	CE1718110397072               	3669237	200	200	200
26/08/2019	CE1717110216032               	3798256	1,320.00	1,320.00	1,320.00
26/08/2019	DEPOSITO EN EFE               	37277	20,563.43	20,563.43	20,563.43
26/08/2019	CE1717110557032               	4402706	1,320.00	1,320.00	1,320.00
26/08/2019	CE1716110467032               	4447696	1,320.00	1,320.00	1,320.00
26/08/2019	CHEQUE PAGADO N               	CH-0003412       	-1,105.00	-1,105.00	-1,105.00
26/08/2019	CE0000007135012               	4547686	1,515.00	1,515.00	1,515.00
26/08/2019	CE1716110285032               	4737854	1,320.00	1,320.00	1,320.00
26/08/2019	CE1717110170032               	316382	1,320.00	1,320.00	1,320.00
26/08/2019	CE1718110443032               	740300	1,320.00	1,320.00	1,320.00
26/08/2019	SPEI ENVIADO SA               	0000361782 0     	-8,126.38	-8,126.38	-8,126.38
26/08/2019	TRASPASO A TERC               	REFBNTC000886    	-2,089.64	-2,089.64	-2,089.64
26/08/2019	TRASPASO A TERC               	REFBNTC000886    	-5,398.24	-5,398.24	-5,398.24
26/08/2019	TRASPASO A TERC               	REFBNTC000886    	-38,095.25	-38,095.25	-38,095.25
26/08/2019	CE1718110834032               	1026443	1,320.00	1,320.00	1,320.00
26/08/2019	CE1718110107032               	1075613	1,320.00	1,320.00	1,320.00
26/08/2019	CE1716110569032               	1320407	1,320.00	1,320.00	1,320.00
27/08/2019	CE1718110869032               	1860672	1,320.00	1,320.00	1,320.00
27/08/2019	CE1708100113032               	2112539	1,320.00	1,320.00	1,320.00
27/08/2019	CE1718110423032               	2159267	1,320.00	1,320.00	1,320.00
27/08/2019	CE1717110374052               	2279365	1,320.00	1,320.00	1,320.00
27/08/2019	CE1717110713032               	2372470	1,320.00	1,320.00	1,320.00
27/08/2019	DEPOSITO EN EFE               	37297	32,344.41	32,344.41	32,344.41
27/08/2019	CE1718130197032               	2439228	1,320.00	1,320.00	1,320.00
27/08/2019	CE1717110577032               	2574110	1,320.00	1,320.00	1,320.00
27/08/2019	CE1717110363052               	2610388	1,320.00	1,320.00	1,320.00
27/08/2019	CE1716110413032               	2725514	1,320.00	1,320.00	1,320.00
27/08/2019	CE1717110329052               	2740892	1,320.00	1,320.00	1,320.00
27/08/2019	CE1716110399032               	2852443	1,320.00	1,320.00	1,320.00
27/08/2019	CE1718110554032               	2992165	1,320.00	1,320.00	1,320.00
27/08/2019	CE1718110712032               	3148893	1,320.00	1,320.00	1,320.00
27/08/2019	CE1718110119032               	3450502	1,320.00	1,320.00	1,320.00
27/08/2019	CE1718110054032               	3516392	1,320.00	1,320.00	1,320.00
27/08/2019	CE1718111008032               	3599277	1,320.00	1,320.00	1,320.00
27/08/2019	CE1718110315032               	3614622	1,320.00	1,320.00	1,320.00
27/08/2019	CE1716110163032               	4000711	1,320.00	1,320.00	1,320.00
27/08/2019	CE1716110188032               	4035977	1,320.00	1,320.00	1,320.00
28/08/2019	CE1718130162032               	4572623	1,320.00	1,320.00	1,320.00
28/08/2019	CE1717110343032               	4682766	1,320.00	1,320.00	1,320.00
28/08/2019	CE1716110499032               	48499	1,320.00	1,320.00	1,320.00
28/08/2019	CE1717110059032               	60214	1,320.00	1,320.00	1,320.00
28/08/2019	CE1718110757032               	158060	1,320.00	1,320.00	1,320.00
28/08/2019	CE1718110329032               	348788	1,320.00	1,320.00	1,320.00
28/08/2019	DEPOSITO EN EFE               	37318	24,018.43	24,018.43	24,018.43
28/08/2019	CE1718110422032               	449504	1,320.00	1,320.00	1,320.00
28/08/2019	CE1718110116032               	454014	1,320.00	1,320.00	1,320.00
28/08/2019	CE1717110432032               	479171	1,320.00	1,320.00	1,320.00
28/08/2019	CE1718130020032               	543246	1,320.00	1,320.00	1,320.00
28/08/2019	CE1716110325032               	632324	1,320.00	1,320.00	1,320.00
28/08/2019	CE1717110123032               	721655	1,320.00	1,320.00	1,320.00
28/08/2019	CE0000009008012               	909436	1,515.00	1,515.00	1,515.00
28/08/2019	CE1717110453032               	951049	1,320.00	1,320.00	1,320.00
28/08/2019	CE1718110155032               	993289	1,320.00	1,320.00	1,320.00
28/08/2019	CE1717110202032               	1063623	1,320.00	1,320.00	1,320.00
28/08/2019	CE1716110185032               	1079716	1,320.00	1,320.00	1,320.00
28/08/2019	CE1718110063032               	1083731	1,320.00	1,320.00	1,320.00
28/08/2019	CE1718110094032               	1116643	1,320.00	1,320.00	1,320.00
28/08/2019	CE1716110205032               	1119910	1,320.00	1,320.00	1,320.00
28/08/2019	CE1718110047032               	1135530	1,320.00	1,320.00	1,320.00
28/08/2019	CE1716110392032               	1146882	1,320.00	1,320.00	1,320.00
28/08/2019	CE1718110029032               	1154990	1,320.00	1,320.00	1,320.00
28/08/2019	CE1717110290032               	1229723	1,320.00	1,320.00	1,320.00
28/08/2019	CE1716110129032               	1242780	1,320.00	1,320.00	1,320.00
28/08/2019	CE1715110042032               	1243253	1,320.00	1,320.00	1,320.00
28/08/2019	CE1718110496032               	1267410	1,320.00	1,320.00	1,320.00
28/08/2019	CE1717110200032               	1324290	1,320.00	1,320.00	1,320.00
28/08/2019	CE1717110289032               	1336280	1,320.00	1,320.00	1,320.00
28/08/2019	CE1717110227032               	1337480	1,320.00	1,320.00	1,320.00
28/08/2019	CE1718110800032               	1364880	1,320.00	1,320.00	1,320.00
28/08/2019	CE1716110536032               	1424236	1,320.00	1,320.00	1,320.00
28/08/2019	CE1718110796032               	1530750	1,320.00	1,320.00	1,320.00
28/08/2019	CE1716110032032               	1579424	1,320.00	1,320.00	1,320.00
28/08/2019	CE1718110979032               	1612413	1,320.00	1,320.00	1,320.00
28/08/2019	CE1717110588032               	1639682	1,320.00	1,320.00	1,320.00
28/08/2019	CE1717110445032               	1730014	1,320.00	1,320.00	1,320.00
28/08/2019	CE1718110838032               	1731081	1,320.00	1,320.00	1,320.00
28/08/2019	CE1716110363032               	1830202	1,320.00	1,320.00	1,320.00
28/08/2019	CE1717110087032               	1957880	1,320.00	1,320.00	1,320.00
28/08/2019	CE1718110453072               	2001714	200	200	200
28/08/2019	CE1718110592032               	2182862	1,320.00	1,320.00	1,320.00
28/08/2019	CE1716110364032               	2184897	1,320.00	1,320.00	1,320.00
28/08/2019	CE1717110228032               	2276175	1,320.00	1,320.00	1,320.00
28/08/2019	CE1716110496032               	2292488	1,320.00	1,320.00	1,320.00
28/08/2019	CE1717110116032               	2430087	1,320.00	1,320.00	1,320.00
28/08/2019	CE1717110497032               	2453187	1,320.00	1,320.00	1,320.00
29/08/2019	CE1717110254032               	2641530	1,320.00	1,320.00	1,320.00
29/08/2019	CE1718110312032               	2666356	1,320.00	1,320.00	1,320.00
29/08/2019	CE1718110480032               	2696452	1,320.00	1,320.00	1,320.00
29/08/2019	CE1718110299032               	2739902	1,320.00	1,320.00	1,320.00
29/08/2019	CE1718130141032               	2779392	1,320.00	1,320.00	1,320.00
29/08/2019	CE1716110111032               	2847779	1,320.00	1,320.00	1,320.00
29/08/2019	CE1716110348032               	2921776	1,320.00	1,320.00	1,320.00
29/08/2019	CE1718130098032               	2924383	1,320.00	1,320.00	1,320.00
29/08/2019	CE1716110644032               	2924757	1,320.00	1,320.00	1,320.00
29/08/2019	CE1717110378032               	2951619	1,320.00	1,320.00	1,320.00
29/08/2019	CE1717110658032               	3001086	1,320.00	1,320.00	1,320.00
29/08/2019	CE1718110095032               	3004474	1,320.00	1,320.00	1,320.00
29/08/2019	CE1717110514032               	3065337	1,320.00	1,320.00	1,320.00
29/08/2019	CE1717110704032               	3078581	1,320.00	1,320.00	1,320.00
29/08/2019	CE1717110286032               	3116289	1,320.00	1,320.00	1,320.00
29/08/2019	CE1716110451032               	3189428	1,320.00	1,320.00	1,320.00
29/08/2019	CE1718130028032               	3204817	1,320.00	1,320.00	1,320.00
29/08/2019	CE1718110127032               	3238257	1,320.00	1,320.00	1,320.00
29/08/2019	CE1717110423032               	3300352	1,320.00	1,320.00	1,320.00
29/08/2019	CE1718110693032               	3340733	1,320.00	1,320.00	1,320.00
29/08/2019	CE1717110656032               	3342185	1,320.00	1,320.00	1,320.00
29/08/2019	CE1718130058032               	3354670	1,320.00	1,320.00	1,320.00
29/08/2019	CE1718110602032               	3395887	1,320.00	1,320.00	1,320.00
29/08/2019	CE1718110754032               	3409550	1,320.00	1,320.00	1,320.00
29/08/2019	CE1716110387032               	3435729	1,320.00	1,320.00	1,320.00
29/08/2019	CE1718110140032               	3448610	1,320.00	1,320.00	1,320.00
29/08/2019	DEPOSITO EN EFE               	37386	33,864.41	33,864.41	33,864.41
29/08/2019	CE1718110709032               	3468399	1,320.00	1,320.00	1,320.00
29/08/2019	CE1718110991032               	3482831	1,320.00	1,320.00	1,320.00
29/08/2019	CE1717110460032               	3500519	1,320.00	1,320.00	1,320.00
29/08/2019	CE1718130182032               	3532540	1,320.00	1,320.00	1,320.00
29/08/2019	CE1716110198032               	3540702	1,320.00	1,320.00	1,320.00
29/08/2019	CE1718110482032               	3556058	1,320.00	1,320.00	1,320.00
29/08/2019	CE1717110708032               	3570864	1,320.00	1,320.00	1,320.00
29/08/2019	CE1718110575032               	3602280	1,320.00	1,320.00	1,320.00
29/08/2019	CE1717110278032               	3623202	1,320.00	1,320.00	1,320.00
29/08/2019	CE1717110276032               	3640923	1,320.00	1,320.00	1,320.00
29/08/2019	CE1717110230032               	3651483	1,320.00	1,320.00	1,320.00
29/08/2019	CE1717110757032               	3657203	1,320.00	1,320.00	1,320.00
29/08/2019	CE1716110487032               	3789808	1,320.00	1,320.00	1,320.00
29/08/2019	CE1717110491032               	3814833	1,320.00	1,320.00	1,320.00
29/08/2019	CE1717110178032               	3841464	1,320.00	1,320.00	1,320.00
29/08/2019	CE1718110310032               	3861176	1,320.00	1,320.00	1,320.00
29/08/2019	CE1716110365032               	3864058	1,320.00	1,320.00	1,320.00
29/08/2019	CE1716110060072               	3869019	200	200	200
29/08/2019	CE1718110640032               	3900457	1,320.00	1,320.00	1,320.00
29/08/2019	CE1715110455032               	3921115	1,320.00	1,320.00	1,320.00
29/08/2019	CE1718130160032               	3932764	1,320.00	1,320.00	1,320.00
29/08/2019	CE1717110219032               	3937032	1,320.00	1,320.00	1,320.00
29/08/2019	CE1717110576032               	3940398	1,320.00	1,320.00	1,320.00
29/08/2019	CE1718110083032               	3970648	1,320.00	1,320.00	1,320.00
29/08/2019	CE1718110156032               	3981538	1,320.00	1,320.00	1,320.00
29/08/2019	CE1717110012032               	3997961	1,320.00	1,320.00	1,320.00
29/08/2019	CE1718130063032               	4054160	1,320.00	1,320.00	1,320.00
29/08/2019	CE1718110728032               	4055832	1,320.00	1,320.00	1,320.00
29/08/2019	CE1717110025032               	4096158	1,320.00	1,320.00	1,320.00
29/08/2019	CE1716110500032               	4097555	1,320.00	1,320.00	1,320.00
29/08/2019	CE1717110101032               	4103704	1,320.00	1,320.00	1,320.00
29/08/2019	CE1716110314032               	4122250	1,320.00	1,320.00	1,320.00
29/08/2019	CE1717110476032               	4132326	1,320.00	1,320.00	1,320.00
29/08/2019	CE1718110533032               	4139102	1,320.00	1,320.00	1,320.00
29/08/2019	CE1717110189032               	4151334	1,320.00	1,320.00	1,320.00
29/08/2019	COMPRA FONDOS I               	BMERGOB NC 0     	-199,967.59	-199,967.59	-199,967.59
29/08/2019	CE1716110297032               	4174005	1,320.00	1,320.00	1,320.00
29/08/2019	CE1717110164032               	4214661	1,320.00	1,320.00	1,320.00
29/08/2019	CE1717110118032               	4230754	1,320.00	1,320.00	1,320.00
29/08/2019	CE1717110221032               	4238091	1,320.00	1,320.00	1,320.00
29/08/2019	CE1718110360032               	4253568	1,320.00	1,320.00	1,320.00
29/08/2019	CE1717110213032               	4260113	1,320.00	1,320.00	1,320.00
29/08/2019	CE1718130006032               	4268913	1,320.00	1,320.00	1,320.00
29/08/2019	CE1717110013032               	4273555	1,320.00	1,320.00	1,320.00
29/08/2019	CE1717110669032               	4283070	1,320.00	1,320.00	1,320.00
29/08/2019	CE1718130086032               	4284918	1,320.00	1,320.00	1,320.00
29/08/2019	CE0000007473012               	4305048	1,515.00	1,515.00	1,515.00
29/08/2019	CE1716110388032               	4329127	1,320.00	1,320.00	1,320.00
29/08/2019	CE0000009016062               	4356495	230	230	230
29/08/2019	CE1717110652032               	4388220	1,320.00	1,320.00	1,320.00
29/08/2019	CE1718110400032               	4399208	1,320.00	1,320.00	1,320.00
29/08/2019	CE0000006444012               	4420450	1,515.00	1,515.00	1,515.00
29/08/2019	CE1716110168032               	4453152	1,320.00	1,320.00	1,320.00
29/08/2019	CE1716110098032               	4467540	1,320.00	1,320.00	1,320.00
29/08/2019	CE1717110129032               	4472776	1,320.00	1,320.00	1,320.00
29/08/2019	CE1718110061032               	4557476	1,320.00	1,320.00	1,320.00
29/08/2019	CE1718110572032               	4573349	1,320.00	1,320.00	1,320.00
29/08/2019	CE1716110273032               	4621188	1,320.00	1,320.00	1,320.00
29/08/2019	CE1717110379032               	4626182	1,320.00	1,320.00	1,320.00
29/08/2019	CE1716110003032               	4629867	1,320.00	1,320.00	1,320.00
29/08/2019	CE1718110150032               	4651482	1,320.00	1,320.00	1,320.00
29/08/2019	CE1718110365032               	4652660	1,320.00	1,320.00	1,320.00
29/08/2019	CE1716110483032               	4664022	1,320.00	1,320.00	1,320.00
29/08/2019	CE1718110637032               	4775749	1,320.00	1,320.00	1,320.00
29/08/2019	CE1718130167032               	4778895	1,320.00	1,320.00	1,320.00
29/08/2019	CE1718110027032               	4795483	1,320.00	1,320.00	1,320.00
29/08/2019	CE1717110369032               	4818044	1,320.00	1,320.00	1,320.00
29/08/2019	CE1716110306032               	4845786	1,320.00	1,320.00	1,320.00
29/08/2019	CE1716110023032               	4894109	1,320.00	1,320.00	1,320.00
29/08/2019	CHEQUE PAGADO N               	CH-0003419       	-1,600.00	-1,600.00	-1,600.00
29/08/2019	CE1717110403032               	4952552	1,320.00	1,320.00	1,320.00
29/08/2019	CE1718111010032               	4974695	1,320.00	1,320.00	1,320.00
29/08/2019	CE1718110730032               	4991459	1,320.00	1,320.00	1,320.00
29/08/2019	CE1717110028032               	4997971	1,320.00	1,320.00	1,320.00
29/08/2019	CE1717110508032               	63019	1,320.00	1,320.00	1,320.00
29/08/2019	CE1718130005032               	108560	1,320.00	1,320.00	1,320.00
29/08/2019	CE1717110203032               	111078	1,320.00	1,320.00	1,320.00
29/08/2019	CE1718130117032               	122903	1,320.00	1,320.00	1,320.00
29/08/2019	CE1718110960032               	127710	1,320.00	1,320.00	1,320.00
29/08/2019	CE1716110229032               	130988	1,320.00	1,320.00	1,320.00
29/08/2019	CE1718110687032               	170984	1,320.00	1,320.00	1,320.00
29/08/2019	CE1718110109032               	195030	1,320.00	1,320.00	1,320.00
29/08/2019	CE1717110281032               	245146	1,320.00	1,320.00	1,320.00
29/08/2019	CE1717110457032               	252351	1,320.00	1,320.00	1,320.00
29/08/2019	CE1717110582032               	301191	1,320.00	1,320.00	1,320.00
29/08/2019	CE1717110481032               	310288	1,320.00	1,320.00	1,320.00
29/08/2019	CE1716110533032               	320584	1,320.00	1,320.00	1,320.00
29/08/2019	CE1718110117032               	363650	1,320.00	1,320.00	1,320.00
29/08/2019	CE1717110295032               	418957	1,320.00	1,320.00	1,320.00
29/08/2019	CE1718110175032               	446897	1,320.00	1,320.00	1,320.00
29/08/2019	CE1716110167032               	497145	1,320.00	1,320.00	1,320.00
29/08/2019	CE1717110607032               	504757	1,320.00	1,320.00	1,320.00
29/08/2019	CE1716110178032               	518078	1,320.00	1,320.00	1,320.00
29/08/2019	CE1718110097032               	588841	1,320.00	1,320.00	1,320.00
29/08/2019	CE1717110016032               	596530	1,320.00	1,320.00	1,320.00
29/08/2019	CE1718110194032               	601711	1,320.00	1,320.00	1,320.00
29/08/2019	CE1718110852032               	608630	1,320.00	1,320.00	1,320.00
29/08/2019	CE1718110426032               	632049	1,320.00	1,320.00	1,320.00
29/08/2019	CE1716110618032               	667964	1,320.00	1,320.00	1,320.00
29/08/2019	CE1717110015032               	685950	1,320.00	1,320.00	1,320.00
29/08/2019	CE1717110681032               	686290	1,320.00	1,320.00	1,320.00
29/08/2019	CE1717110208032               	706640	1,320.00	1,320.00	1,320.00
29/08/2019	CE1717110431032               	711030	1,320.00	1,320.00	1,320.00
29/08/2019	CE1716110352032               	780747	1,320.00	1,320.00	1,320.00
29/08/2019	CE1718130105032               	789151	1,320.00	1,320.00	1,320.00
29/08/2019	CE1716110150032               	790603	1,320.00	1,320.00	1,320.00
29/08/2019	CE1716110191032               	797830	1,320.00	1,320.00	1,320.00
29/08/2019	CE1716110246032               	827145	1,320.00	1,320.00	1,320.00
29/08/2019	CE1718110500032               	895950	1,320.00	1,320.00	1,320.00
29/08/2019	CE1716110620032               	912197	1,320.00	1,320.00	1,320.00
29/08/2019	CE1715110376032               	915376	1,320.00	1,320.00	1,320.00
30/08/2019	CE1716110298032               	1231923	1,320.00	1,320.00	1,320.00
30/08/2019	CE1718110323032               	1259445	1,320.00	1,320.00	1,320.00
30/08/2019	CE1716110447032               	1260700	1,320.00	1,320.00	1,320.00
30/08/2019	CE1718110643032               	1271886	1,320.00	1,320.00	1,320.00
30/08/2019	CE1718110590032               	1272568	1,320.00	1,320.00	1,320.00
30/08/2019	CE1718110088032               	1281115	1,320.00	1,320.00	1,320.00
30/08/2019	CE1718110961032               	1311101	1,320.00	1,320.00	1,320.00
30/08/2019	CE1718130036032               	1368246	1,320.00	1,320.00	1,320.00
30/08/2019	CE1717110022032               	1369500	1,320.00	1,320.00	1,320.00
30/08/2019	CE1717110044032               	1379774	1,320.00	1,320.00	1,320.00
30/08/2019	CE1718110276032               	1426546	1,320.00	1,320.00	1,320.00
30/08/2019	CE1718110316032               	1434147	1,320.00	1,320.00	1,320.00
30/08/2019	CE1718110337032               	1522268	1,320.00	1,320.00	1,320.00
30/08/2019	CE1718110148032               	1568589	1,320.00	1,320.00	1,320.00
30/08/2019	CE1716110162032               	1568644	1,320.00	1,320.00	1,320.00
30/08/2019	CE1719210001032               	1580117	1,320.00	1,320.00	1,320.00
30/08/2019	CE1718110074032               	1611544	1,320.00	1,320.00	1,320.00
30/08/2019	CE1718110603032               	1628528	1,320.00	1,320.00	1,320.00
30/08/2019	CE1718110163032               	1635645	1,320.00	1,320.00	1,320.00
30/08/2019	CE1718110692032               	1675784	1,320.00	1,320.00	1,320.00
30/08/2019	CE1716110099032               	1731510	1,320.00	1,320.00	1,320.00
30/08/2019	CE1718110772032               	1787236	1,320.00	1,320.00	1,320.00
30/08/2019	CE1717110425032               	1797719	1,320.00	1,320.00	1,320.00
30/08/2019	CE1718130061032               	1847945	1,320.00	1,320.00	1,320.00
30/08/2019	CE1718110073032               	1868537	1,320.00	1,320.00	1,320.00
30/08/2019	CE1718110376032               	1872981	1,320.00	1,320.00	1,320.00
30/08/2019	CE1716110079032               	1886940	1,320.00	1,320.00	1,320.00
30/08/2019	CE1717110266032               	1912361	1,320.00	1,320.00	1,320.00
30/08/2019	CE1718130189032               	1927300	1,320.00	1,320.00	1,320.00
30/08/2019	DEPOSITO EN EFE               	37527	32,312.39	32,312.39	32,312.39
30/08/2019	CE1718110990032               	1951466	1,320.00	1,320.00	1,320.00
30/08/2019	CE1717110253032               	1971079	1,320.00	1,320.00	1,320.00
30/08/2019	CE1717110327032               	1992870	1,320.00	1,320.00	1,320.00
30/08/2019	CE1718130169032               	2015739	1,320.00	1,320.00	1,320.00
30/08/2019	CE1718110871032               	2022361	1,320.00	1,320.00	1,320.00
30/08/2019	CE1716110207032               	2054470	1,320.00	1,320.00	1,320.00
30/08/2019	CE1716110258032               	2055416	1,320.00	1,320.00	1,320.00
30/08/2019	CE1718130174032               	2061026	1,320.00	1,320.00	1,320.00
30/08/2019	CE1718110892032               	2087327	1,320.00	1,320.00	1,320.00
30/08/2019	CE1716110468032               	2089010	1,320.00	1,320.00	1,320.00
30/08/2019	CE1717110649032               	2122010	1,320.00	1,320.00	1,320.00
30/08/2019	CE1718110070032               	2140050	1,320.00	1,320.00	1,320.00
30/08/2019	CE1716110329032               	2192553	1,320.00	1,320.00	1,320.00
30/08/2019	CE1718110984032               	2194610	1,320.00	1,320.00	1,320.00
30/08/2019	CE1718130019032               	2202541	1,320.00	1,320.00	1,320.00
30/08/2019	CE1718110397032               	2215367	1,320.00	1,320.00	1,320.00
30/08/2019	CE1718110397072               	2232725	200	200	200
30/08/2019	CE1718110650032               	2253801	1,320.00	1,320.00	1,320.00
30/08/2019	CE1717110465032               	2284799	1,320.00	1,320.00	1,320.00
30/08/2019	CE1718110574032               	2302960	1,320.00	1,320.00	1,320.00
30/08/2019	CE1718110456032               	2326159	1,320.00	1,320.00	1,320.00
30/08/2019	CE1718110488032               	2335630	1,320.00	1,320.00	1,320.00
30/08/2019	CE1716110234032               	2338820	1,320.00	1,320.00	1,320.00
30/08/2019	CE1717110239032               	2366485	1,320.00	1,320.00	1,320.00
30/08/2019	CE1716110506032               	2377837	1,320.00	1,320.00	1,320.00
30/08/2019	CE1718110471032               	2383997	1,320.00	1,320.00	1,320.00
30/08/2019	CE1717110019032               	2393985	1,320.00	1,320.00	1,320.00
30/08/2019	CE1718130102032               	2412080	1,320.00	1,320.00	1,320.00
30/08/2019	CE1716110281032               	2415006	1,320.00	1,320.00	1,320.00
30/08/2019	CE1718110632032               	2417184	1,320.00	1,320.00	1,320.00
30/08/2019	CE1716110347032               	2434949	1,320.00	1,320.00	1,320.00
30/08/2019	CE1718110504032               	2442946	1,320.00	1,320.00	1,320.00
30/08/2019	CE1717110364032               	2461954	1,320.00	1,320.00	1,320.00
30/08/2019	CE1718110014032               	2494217	1,320.00	1,320.00	1,320.00
30/08/2019	CE1716110540032               	2500146	1,320.00	1,320.00	1,320.00
30/08/2019	CE1717110341032               	2544157	1,320.00	1,320.00	1,320.00
30/08/2019	CE1717110078032               	2548172	1,320.00	1,320.00	1,320.00
30/08/2019	CE1718110091032               	2551483	1,320.00	1,320.00	1,320.00
30/08/2019	CE1718130044032               	2558864	1,320.00	1,320.00	1,320.00
30/08/2019	CE1718110570032               	2573000	1,320.00	1,320.00	1,320.00
30/08/2019	CE1718110103032               	2577905	1,320.00	1,320.00	1,320.00
30/08/2019	CE1718110616032               	2583537	1,320.00	1,320.00	1,320.00
30/08/2019	CE1718110790032               	2586408	1,320.00	1,320.00	1,320.00
30/08/2019	CE1718110630032               	2607902	1,320.00	1,320.00	1,320.00
30/08/2019	CE1718130121032               	2653233	1,320.00	1,320.00	1,320.00
30/08/2019	CE1715110361032               	2774904	1,320.00	1,320.00	1,320.00
30/08/2019	CE1715110771032               	2789688	1,320.00	1,320.00	1,320.00
30/08/2019	CE1718110696032               	2790392	1,320.00	1,320.00	1,320.00
30/08/2019	CE1717110029032               	2814625	1,320.00	1,320.00	1,320.00
30/08/2019	CE1717110788032               	2830223	1,320.00	1,320.00	1,320.00
30/08/2019	CE1718110114032               	2836614	1,320.00	1,320.00	1,320.00
30/08/2019	CE1718130196032               	2847230	1,320.00	1,320.00	1,320.00
30/08/2019	CE1718110134032               	2860858	1,320.00	1,320.00	1,320.00
30/08/2019	CE1717110113032               	2889007	1,320.00	1,320.00	1,320.00
30/08/2019	CE1718130151032               	2902010	1,320.00	1,320.00	1,320.00
30/08/2019	CE1718110028032               	2903725	1,320.00	1,320.00	1,320.00
30/08/2019	CE1716110259032               	2913812	1,320.00	1,320.00	1,320.00
30/08/2019	CE1718130109032               	2935625	1,320.00	1,320.00	1,320.00
30/08/2019	CE1719210009032               	2945360	1,320.00	1,320.00	1,320.00
30/08/2019	CE1718110629032               	2961541	1,320.00	1,320.00	1,320.00
30/08/2019	CE1716130016032               	2972850	1,320.00	1,320.00	1,320.00
30/08/2019	CE1716110074032               	2998215	1,320.00	1,320.00	1,320.00
30/08/2019	CE1718110608032               	3077514	1,320.00	1,320.00	1,320.00
30/08/2019	CE1717110126032               	3085710	1,320.00	1,320.00	1,320.00
30/08/2019	CE1718110141032               	3098580	1,320.00	1,320.00	1,320.00
30/08/2019	CE1716110006032               	3110316	1,320.00	1,320.00	1,320.00
30/08/2019	CE1717110611032               	3111636	1,320.00	1,320.00	1,320.00
30/08/2019	CE1717110297032               	3132140	1,320.00	1,320.00	1,320.00
30/08/2019	CE1716110001032               	3138278	1,320.00	1,320.00	1,320.00
30/08/2019	CE1716110552032               	3150961	1,320.00	1,320.00	1,320.00
30/08/2019	CE1718110389032               	3177328	1,320.00	1,320.00	1,320.00
30/08/2019	CE0000009015012               	3269860	1,515.00	1,515.00	1,515.00
30/08/2019	CE1718110658032               	3289781	1,320.00	1,320.00	1,320.00
30/08/2019	CE1718110289032               	3311418	1,320.00	1,320.00	1,320.00
30/08/2019	CE1718110810032               	3346310	1,320.00	1,320.00	1,320.00
30/08/2019	CE1718110786032               	3376010	1,320.00	1,320.00	1,320.00
30/08/2019	CE1717110709032               	3384194	1,320.00	1,320.00	1,320.00
30/08/2019	CE1717110389032               	3385613	1,320.00	1,320.00	1,320.00
30/08/2019	CE1718110531032               	3407382	1,320.00	1,320.00	1,320.00
30/08/2019	CE1718110160032               	3416611	1,320.00	1,320.00	1,320.00
30/08/2019	CE1718110177032               	3424839	1,320.00	1,320.00	1,320.00
30/08/2019	CE1717110717032               	3433298	1,320.00	1,320.00	1,320.00
30/08/2019	CE1717110268032               	3436532	1,320.00	1,320.00	1,320.00
30/08/2019	CE1718110957032               	3438325	1,320.00	1,320.00	1,320.00
30/08/2019	CE1717110243032               	3465495	1,320.00	1,320.00	1,320.00
30/08/2019	CE1717110789032               	3467992	1,320.00	1,320.00	1,320.00
30/08/2019	CE1718110371032               	3495371	1,320.00	1,320.00	1,320.00
30/08/2019	CE1717110311032               	3498374	1,320.00	1,320.00	1,320.00
30/08/2019	CE1716110264032               	3506492	1,320.00	1,320.00	1,320.00
30/08/2019	CE1718110753032               	3526270	1,320.00	1,320.00	1,320.00
30/08/2019	CE1715110423032               	3527678	1,320.00	1,320.00	1,320.00
30/08/2019	CE1718110232032               	3527766	1,320.00	1,320.00	1,320.00
30/08/2019	CE1716110103032               	3546994	1,320.00	1,320.00	1,320.00
30/08/2019	CE1718110043032               	3548094	1,320.00	1,320.00	1,320.00
30/08/2019	CE1715110516032               	3553484	1,320.00	1,320.00	1,320.00
30/08/2019	CE1718110609032               	3560667	1,320.00	1,320.00	1,320.00
30/08/2019	CE1718110659032               	3571084	1,320.00	1,320.00	1,320.00
30/08/2019	CE1718110031032               	3572602	1,320.00	1,320.00	1,320.00
30/08/2019	CE1718110449032               	3588464	1,320.00	1,320.00	1,320.00
30/08/2019	CE1718110201032               	3609518	1,320.00	1,320.00	1,320.00
30/08/2019	CE1718110561032               	3647974	1,320.00	1,320.00	1,320.00
30/08/2019	CE1716110563032               	3697078	1,320.00	1,320.00	1,320.00
30/08/2019	CE1718110077032               	3717571	1,320.00	1,320.00	1,320.00
30/08/2019	CE1718110003032               	3759239	1,320.00	1,320.00	1,320.00
30/08/2019	CE1717110045032               	3765751	1,320.00	1,320.00	1,320.00
30/08/2019	CE1718110072032               	3770570	1,320.00	1,320.00	1,320.00
30/08/2019	CE1718110018032               	3780029	1,320.00	1,320.00	1,320.00
30/08/2019	SECRETARIA DE F               	GUIA:3783582     	-169	-169	-169
30/08/2019	CE1716110187032               	3784209	1,320.00	1,320.00	1,320.00
30/08/2019	CE1718110388032               	3784913	1,320.00	1,320.00	1,320.00
30/08/2019	CE1717110102032               	3787674	1,320.00	1,320.00	1,320.00
30/08/2019	CE1719210005032               	3805736	1,320.00	1,320.00	1,320.00
30/08/2019	SECRETARIA DE F               	GUIA:3813150     	-676	-676	-676
30/08/2019	CE1718110399032               	3818573	1,320.00	1,320.00	1,320.00
30/08/2019	CE1717110422032               	3869558	1,320.00	1,320.00	1,320.00
30/08/2019	CE1718130015032               	3887994	1,320.00	1,320.00	1,320.00
30/08/2019	CE1718110802032               	3896442	1,320.00	1,320.00	1,320.00
30/08/2019	CE1717110325032               	3900270	1,320.00	1,320.00	1,320.00
30/08/2019	CE1718130087032               	3923667	1,320.00	1,320.00	1,320.00
30/08/2019	CE1718110262032               	3942884	1,320.00	1,320.00	1,320.00
30/08/2019	CE1717110847032               	3943324	1,320.00	1,320.00	1,320.00
30/08/2019	CE1717110700032               	3966974	1,320.00	1,320.00	1,320.00
30/08/2019	CE1718110099032               	3975521	1,320.00	1,320.00	1,320.00
30/08/2019	CE1716110004032               	3999270	1,320.00	1,320.00	1,320.00
30/08/2019	CE1718110246032               	4002999	1,320.00	1,320.00	1,320.00
30/08/2019	CE1718110143032               	4012767	1,320.00	1,320.00	1,320.00
30/08/2019	CE1718130037032               	4029168	1,320.00	1,320.00	1,320.00
30/08/2019	CE1716110134032               	4055183	1,320.00	1,320.00	1,320.00
30/08/2019	CE1718110092032               	4091824	1,320.00	1,320.00	1,320.00
30/08/2019	CE1716110395032               	4119632	1,320.00	1,320.00	1,320.00
30/08/2019	CE1718110774032               	4125869	1,320.00	1,320.00	1,320.00
30/08/2019	CE1718110153032               	4126474	1,320.00	1,320.00	1,320.00
30/08/2019	CE1718110369032               	4159320	1,320.00	1,320.00	1,320.00
30/08/2019	CE1716110513032               	4161290	1,320.00	1,320.00	1,320.00
30/08/2019	CE1718110419032               	4167317	1,320.00	1,320.00	1,320.00
30/08/2019	CE1718110621032               	4168220	1,320.00	1,320.00	1,320.00
30/08/2019	CE1716110507032               	4172883	1,320.00	1,320.00	1,320.00
30/08/2019	CE1718110744032               	4179032	1,320.00	1,320.00	1,320.00
30/08/2019	CE1718110060032               	4201945	1,320.00	1,320.00	1,320.00
30/08/2019	CE1718110633032               	4232195	1,320.00	1,320.00	1,320.00
30/08/2019	CE1718110069032               	4262269	1,320.00	1,320.00	1,320.00
30/08/2019	CE1718130042032               	4283202	1,320.00	1,320.00	1,320.00
30/08/2019	CE1718110627032               	4288834	1,320.00	1,320.00	1,320.00
30/08/2019	CE1718110008032               	4311417	1,320.00	1,320.00	1,320.00
30/08/2019	CE1717110780032               	4312495	1,320.00	1,320.00	1,320.00
30/08/2019	CE1718110067032               	4327477	1,320.00	1,320.00	1,320.00
30/08/2019	CE1717110148032               	4330601	1,320.00	1,320.00	1,320.00
30/08/2019	CE1718110358032               	4351391	1,320.00	1,320.00	1,320.00
30/08/2019	CE1717110686032               	4370894	1,320.00	1,320.00	1,320.00
30/08/2019	CE1717110091032               	4421879	1,320.00	1,320.00	1,320.00
30/08/2019	CE1716110223032               	4438269	1,320.00	1,320.00	1,320.00
30/08/2019	CE1717110594032               	4439688	1,320.00	1,320.00	1,320.00
30/08/2019	CE1716110081032               	4458311	1,320.00	1,320.00	1,320.00
30/08/2019	CE1718110701032               	4490630	1,320.00	1,320.00	1,320.00
30/08/2019	CE1717110533032               	4513047	1,320.00	1,320.00	1,320.00
30/08/2019	CE1718110138032               	4526599	1,320.00	1,320.00	1,320.00
30/08/2019	CE1717110238032               	4531538	1,320.00	1,320.00	1,320.00
30/08/2019	CE1718110874032               	4539293	1,320.00	1,320.00	1,320.00
30/08/2019	CE1718130149032               	4568619	1,320.00	1,320.00	1,320.00
30/08/2019	CE1717120007032               	4586835	1,320.00	1,320.00	1,320.00
30/08/2019	CE1717110199032               	4594524	1,320.00	1,320.00	1,320.00
30/08/2019	CE1716110564032               	4658621	1,320.00	1,320.00	1,320.00
30/08/2019	CE1718110974032               	4674417	1,320.00	1,320.00	1,320.00
30/08/2019	CE1716110160032               	4686209	1,320.00	1,320.00	1,320.00
30/08/2019	CE1717110277032               	4686880	1,320.00	1,320.00	1,320.00
30/08/2019	CE1716110031032               	4706746	1,320.00	1,320.00	1,320.00
30/08/2019	CE1718110123032               	4728251	1,320.00	1,320.00	1,320.00
30/08/2019	CE1717110333032               	4773967	1,320.00	1,320.00	1,320.00
30/08/2019	CE1718110142032               	4778939	1,320.00	1,320.00	1,320.00
30/08/2019	CE1718110758032               	4780380	1,320.00	1,320.00	1,320.00
30/08/2019	CE1716110512032               	4802512	1,320.00	1,320.00	1,320.00
30/08/2019	CE1718110084032               	4852122	1,320.00	1,320.00	1,320.00
30/08/2019	CE1717110516032               	4852177	1,320.00	1,320.00	1,320.00
30/08/2019	CE1717110442032               	4877180	1,320.00	1,320.00	1,320.00
30/08/2019	CE1718110255032               	4897574	1,320.00	1,320.00	1,320.00
30/08/2019	CE1718110702032               	18513	1,320.00	1,320.00	1,320.00
30/08/2019	CE1718110424032               	22891	1,320.00	1,320.00	1,320.00
30/08/2019	CE1717110697032               	32164	1,320.00	1,320.00	1,320.00
30/08/2019	CE1716110486032               	68684	1,320.00	1,320.00	1,320.00
30/08/2019	CE1715110737032               	68882	1,320.00	1,320.00	1,320.00
30/08/2019	CE1716110278032               	75218	1,320.00	1,320.00	1,320.00
30/08/2019	CE1716110009032               	198627	1,320.00	1,320.00	1,320.00
30/08/2019	CE1716110527032               	209143	1,320.00	1,320.00	1,320.00
30/08/2019	CE1718110263032               	213092	1,320.00	1,320.00	1,320.00
30/08/2019	CE1716110147032               	216689	1,320.00	1,320.00	1,320.00
30/08/2019	CE1718110610032               	283151	1,320.00	1,320.00	1,320.00
30/08/2019	CE1717110478032               	303721	1,320.00	1,320.00	1,320.00
30/08/2019	COMISION CIE                  	1364332	-1,625.00	-1,625.00	-1,625.00
30/08/2019	IVA COMISION CI               	1364332	-260	-260	-260
